220052
220184
220067
220071
220069
220170
220068
220220
220224
220213
220219
220085
220091
220009
220229
220230
220043
220080
220008
220053
220200
220115
220060
220049
220027
220007
220046
220104
220107
220081
220092
220078
220004
220083
220050
220113
220089
220110
220086
220087
220171
220088
220084
220057
220111
220047
220100
220058
220001
220015
220048
220005
220061
220006
220014
220073
220090
220093
220112
220221
220072
220116
220010
220211
220076
220002
220114
220190
220011
220109